# X y
2.771273928251694052e-02 3.735499380078296516e-01
9.067000554840226600e-01 9.420899944167745454e-01
8.813935546997342385e-01 9.303974490022697275e-01
6.248972754209086711e-01 8.114015957943123691e-01
7.907148110979403954e-01 9.039897700278504145e-01
8.259080143630941340e-01 8.906319149757017106e-01
8.417058359864552086e-01 9.190984968217897899e-01
4.717279477185999381e-01 7.819994418422083760e-01
9.572287798493941402e-01 9.566590165255024480e-01
9.465915329806091627e-01 9.444406974355418205e-01
5.298597173886753220e-01 7.714913897089610284e-01
8.364013148965865341e-02 1.833565257601916798e-01
2.698442569260787183e-01 6.227936359473190686e-01
5.379983713824343372e-02 2.447120191582576876e-01
5.666184899872724889e-01 7.057105540440657965e-01
1.891773733658297374e-02 8.253137932962739676e-02
2.053736209108442123e-01 5.191517429013258189e-01
2.493548296803754782e-01 6.016865367588060121e-01
8.987780169524882679e-01 9.514259163074546555e-01
1.077972932112462034e-01 5.855033950203386572e-02
7.486781126913656381e-01 8.033856257629199416e-01
7.147036157579965687e-01 8.611864381429520376e-01
7.407790819661772552e-01 9.165260656047367060e-01
9.451174787814794476e-01 9.846321936123905161e-01
4.594608714529072602e-01 7.015834287041706752e-01
2.316349692669703586e-01 4.972799578463803494e-01
4.649737717929544045e-01 7.073315590867027547e-01
6.307105139811511885e-01 7.795817657302085424e-01
9.655498766097740937e-01 1.017199221952793442e+00
9.970821782965082480e-01 1.039516955905091189e+00
6.517801319781344471e-01 7.824135189931695766e-01
6.146723174671776535e-01 7.501794409550859299e-01
3.765522993252663486e-01 6.100501291921024416e-01
3.159350873239578084e-01 4.975200544920644896e-01
7.477224521997094531e-02 1.416129146715782994e-01
8.737615203696055266e-01 9.260363133202077490e-01
7.861698187581800390e-02 2.259267382712125405e-01
1.350661917785330735e-01 2.855772237193257013e-01
2.578218127255735848e-01 3.198688693328011201e-01
9.913055263229653136e-01 9.988556565785424723e-01
7.642567841936720452e-01 8.526519066861240059e-01
8.988829862504748025e-01 9.105703551304246135e-01
3.507812177817893895e-01 7.039854715451948630e-01
3.935562737748373729e-01 6.065290433496236533e-01
4.984664764409206805e-01 6.715431758850500810e-01
4.189984285935377528e-02 2.896574037225327358e-01
9.294748802420992329e-01 9.292925186627155609e-01
1.879405541059954166e-01 4.094321962265771164e-01
3.855837503183808801e-01 6.504186691150438682e-01
7.413046271271531706e-01 8.999666039065138401e-01
6.221742032383620336e-01 8.453786438868641229e-01
5.098160981372110712e-01 6.651819858843432964e-01
7.878220684758650005e-01 8.776046104598419495e-01
9.244976968312633714e-01 9.560924145005911257e-01
8.801601774073875006e-01 9.310158218596411572e-01
4.930525943346049100e-01 7.251591781417160432e-01
1.185269370212902462e-01 3.718319140595724992e-01
8.876704221454998489e-01 9.562071222423532690e-01
7.525965461965807846e-01 9.078576394735724531e-01
7.750756957735605024e-02 3.452076662941489515e-01
7.040410870867441773e-01 8.534986981482830526e-01
7.213490572544438706e-01 8.582662680903065944e-01
3.292846847679156141e-01 5.982165430071089141e-01
3.309912502768622700e-01 5.865931140195126403e-01
6.641074511658043855e-01 7.953240015124680706e-01
3.314817134539390642e-01 4.724898469429067438e-01
4.753114934659087298e-01 6.861358293981835166e-01
8.760486477473725664e-01 9.389234675204162217e-01
8.937013779716544981e-01 9.329702809647831829e-01
1.859507103451577548e-01 3.428753954341114407e-01
8.312524859169601044e-02 3.030258726446647954e-01
1.700914727334238430e-01 4.652199986026125389e-01
1.626249137191004834e-04 -6.059854460119326255e-03
2.953726967621390642e-01 5.249838388427023883e-01
9.251078135276781245e-01 9.938255097227509660e-01
4.459320860762127081e-01 6.715138712832980916e-01
7.300294480162057287e-01 7.971165665923244381e-01
7.306500419811495783e-01 8.592343614643817018e-01
4.172221815118776211e-01 6.228170075424344088e-01
2.008459934495091526e-01 3.741080744650990275e-01
3.487967857914265890e-01 6.132480774181480188e-01
6.786721859676090318e-01 7.832855002368931396e-01
4.848307774497626621e-01 7.074321041114571829e-01
8.969337053560645368e-01 9.112289746568783544e-01
2.162608690457490379e-02 1.631136329469637658e-01
3.525808698727896928e-01 6.498797243794017797e-01
7.962494787848624078e-01 8.912239371081125405e-01
3.286308299203598571e-01 5.585333696212043675e-01
5.336764972687718656e-01 7.613726482440683618e-01
2.389792820250088434e-01 4.585218132408300229e-01
1.698669716061289581e-01 5.157867381736328527e-01
7.229253356208171777e-01 8.446614242852490406e-01
7.755632900257976026e-01 8.477739250548306238e-01
4.730363917310862476e-01 6.520355979473363428e-01
8.781379763242215253e-01 8.914369590205298843e-01
9.001781965901524130e-01 9.436966077570854150e-01
5.837172459319447393e-01 7.354181356618996190e-01
2.384276684374456723e-01 5.712572661309860411e-01
2.753233657306253246e-02 3.067294747580051606e-01
6.077031101944803115e-01 7.539184781121466283e-01
3.276400598606503678e-01 6.355799418618117702e-01
5.447607598443464649e-01 7.429225757860501433e-01
5.520337475004178929e-01 6.979179527830665641e-01
5.140696151222997612e-01 7.017569647751901174e-01
3.487858672458713505e-01 5.315359071687859593e-01
2.025262614554002027e-02 3.933545235453371758e-01
4.655652637081523215e-01 6.166139947737374616e-01
8.370641675138918991e-01 9.096851653693186490e-01
8.245167071623562549e-01 9.353300685408874049e-01
5.902440417014577223e-01 7.604436624156851732e-01
9.921348119296277135e-01 9.989089573058103078e-01
1.335089066081708298e-01 2.981037965672737600e-01
3.690808962485184752e-01 6.151472971014171343e-01
5.011097696723826322e-01 6.601561924930055003e-01
1.421015807379146789e-01 3.935449934374661285e-01
6.517109257756992235e-01 7.266497507533813405e-01
8.208017000135956476e-01 9.238030668074967977e-01
1.534627086780683269e-01 3.323336933212954758e-01
1.283958030380463189e-01 4.599246556305582878e-01
4.024792098414124997e-01 7.452737898531325289e-01
3.845433140897110968e-01 5.553199019094887667e-01
9.067971590620865774e-01 9.431793034586697377e-01
4.101001985771032254e-01 6.612245492195213403e-01
2.397808667400225247e-02 3.382606914645359675e-01
1.280660359055182385e-01 3.656706424567078284e-01
1.368567693695077470e-01 4.693168706990872296e-01
3.373168933518183588e-01 5.798658155095898215e-01
2.263595665506167309e-01 3.805653010446724549e-01
6.280984229665547147e-01 4.207229269195119081e-01
7.258709091695113580e-01 5.311327265118407359e-01
6.093195015242636181e-03 2.230648461908598876e-02
4.928641185656676971e-01 1.942787201994091439e-01
8.191379242003368200e-01 5.527174188939941724e-01
2.774042929368100152e-01 1.020769696469549515e-01
2.961485791857757510e-01 1.010918138531927413e-01
7.795238475384745902e-01 4.942124286272648326e-01
9.632212567481607257e-01 8.141147363543482784e-01
8.715256461347944406e-01 7.841175385692609190e-01
7.593459226921495109e-02 -1.750609244797068226e-02
6.310744195570995307e-01 2.830448082547791788e-01
3.505847940231712201e-01 1.825266223625341411e-01
5.092849243052437469e-01 2.713370325872379585e-01
8.994009595229667253e-01 6.944183638858248964e-01
2.021489196483596817e-01 -6.021478747223092676e-03
9.727951532187677497e-01 9.267523931886472166e-01
8.541624864626080615e-01 6.005214570593533363e-01
9.136721343485899594e-01 8.310121192312047711e-01
6.652320106714670889e-02 4.390647653809403445e-02
5.225535214920241645e-01 3.336826993374643058e-01
6.712051998193718783e-01 5.169081048320220972e-01
5.966001571297293582e-01 2.409537811545947317e-01
7.609192559351444229e-01 5.192429863791353517e-01
5.437564823014839899e-02 -6.340903518127497668e-03
7.194385589650832413e-01 6.165100609161625611e-01
6.489386698909952456e-01 4.134059131072377880e-01
7.369028154054380053e-02 -1.787098262895915092e-03
1.573175133853695895e-01 3.115502238302267704e-02
6.988149023298960705e-01 4.823101636859159491e-01
4.028491965179958889e-01 1.559101809982741116e-01
3.117527167034284119e-02 1.759981446555627244e-02
7.970891250370886194e-01 4.983856096801049795e-01
1.966098708379423465e-01 -1.140571152002496647e-02
2.159667721064744139e-01 7.620399546754980102e-02
4.204952230816694225e-02 -1.125772822629657333e-02
2.084883961028793919e-05 -1.529443039483632631e-03
9.885989969107003006e-01 1.135006089542911489e+00
2.854914205670594507e-01 3.190382329130710820e-02
9.381461418963372711e-01 8.267717180235161223e-01
2.045118061029329581e-01 2.149679478720258399e-02
2.396447942561352740e-02 -9.200950197706534578e-03
5.905181022371804866e-01 4.606583591312827242e-01
5.244331315683026240e-01 1.975472857155984585e-01
9.675225946151772005e-01 8.428168764630806775e-01
8.954642528673042445e-01 8.550946181367731214e-01
6.467352659137272086e-01 3.893369101115397579e-01
3.937831212246712953e-01 1.972193036674593780e-01
8.189545888682260300e-01 7.063353510362797572e-01
7.468435090078839877e-02 -1.084949483048552529e-03
4.011690583961848855e-01 1.931718554228156470e-01
1.672147018923797468e-02 1.704924055025050164e-02
3.422572350953393405e-01 1.252801964175706273e-01
1.224104647827585213e-01 6.942596240255161782e-03
4.865210040646328338e-01 2.696728944844190012e-01
5.431866743988629231e-01 3.655840331765579099e-01
9.192474343386123348e-01 8.920331078593828344e-01
2.847359535233638939e-01 8.057262111885578337e-02
1.854600746584215143e-01 6.992818434444668385e-02
9.962381854009372262e-01 9.662196442167455546e-01
5.978353498610819994e-01 4.012984474856032824e-01
6.830601881370851336e-01 5.454326713740692556e-01
9.216244029204481159e-01 6.091515712823545314e-01
5.383321601480928198e-01 2.020288538561780256e-01
7.478985587231254950e-01 6.847840411070791333e-01
4.462207376405223913e-01 1.877672348750124287e-01
3.417715471712471365e-01 8.976755718256171357e-02
5.388201837003947503e-02 2.295254271251136180e-02
3.889779006800841987e-02 7.633177635081438497e-03
5.079601311881684067e-01 2.705070575771271191e-01
8.085069334496116644e-01 6.042052036045028052e-01
4.547138387425397887e-02 -2.004844324180354853e-02
7.219473705005416964e-01 3.840751512284316105e-01
4.562041595464166877e-01 2.777806702508020531e-01
5.938366391159577429e-02 1.354254131113936076e-02
9.010633736733387744e-01 8.665739507826545340e-01
9.192605360038178519e-01 9.324485424757353869e-01
1.003884979643077102e-02 1.430414796694172083e-02
7.644473341208718464e-01 5.409946587472297397e-01
7.336779749614961155e-01 6.003667518779493006e-01
2.984992641426570392e-01 1.106692990266967269e-01
7.941751206498404159e-02 2.872980457482685653e-03
5.311429688970946694e-01 2.658591843918252096e-01
7.987903725735662208e-01 5.840790633429836509e-01
8.457770392838421802e-01 6.544357341604537526e-01
6.324781811737514303e-01 3.763277545453040940e-01
2.107860639733194486e-01 1.716962132115937636e-02
6.779056777260397126e-01 4.921101042564534067e-01
8.903114337057680405e-01 7.180070301221570528e-01
3.296157949848357305e-01 1.311090565622729243e-01
1.140968979389378468e-01 -7.845703392256243858e-03
2.233928608002525573e-01 8.426442961903012063e-02
7.364559924526475898e-01 4.828639445506886507e-01
1.068396076476907375e-01 -6.819166254660356807e-03
1.537248650235242264e-01 1.814807332989220104e-02
1.055618392276149731e-01 3.766596441046696220e-03
8.809050397591291492e-01 6.957254058470412339e-01
4.724828999930774653e-01 2.801829618286878487e-01
6.545532182481240691e-01 5.568513210444518968e-01
8.147339376778018893e-01 6.216161130068891261e-01
2.487579514945387205e-01 1.800384272324457441e-02
7.048212921426311173e-01 5.151705896507698945e-01
5.448628605710488237e-01 3.363989419540423520e-01
3.881511379947848450e-01 1.821607187100492686e-01
4.990374984247016865e-01 1.746631555694740379e-01
6.542830621402102587e-01 4.457063577047039038e-01
5.574996241092537996e-01 2.954339177978823616e-01
5.828238687559182951e-01 4.242669421183096201e-01
5.631677725320219929e-01 4.061676660945655604e-01
6.732115140035074274e-01 4.729931105743619413e-01
4.315895458723340017e-01 2.262720517580323332e-01
4.610444089317126126e-01 1.638501847848125026e-01
8.215397192437411400e-01 7.887744601823980517e-01
5.289992248191188740e-02 7.652474630974633041e-06
9.331715261912951753e-01 7.421650372308710164e-01
5.695196253148661070e-01 3.685497727126816336e-01
1.235106271367034658e-01 2.783114718101257004e-02
2.888744535851597295e-01 1.043466427566437371e-01
5.098491641080957759e-01 2.276140395616657319e-01
6.417878297376432561e-01 4.720954045272144350e-01
2.235502734840154604e-01 6.978911778046542613e-02
4.915490088293806847e-01 2.188382927900630326e-01
2.489203982504328838e-01 4.926183553242673152e-02
9.831224990232998451e-01 1.082896535119620918e+00
9.656156741959379675e-01 1.008462795652001143e+00
5.829342870468796622e-01 2.772283503139421068e-01
1.993892447481168118e-01 5.080358584382495268e-02
2.284105861981550190e-01 8.618615079439809201e-02
8.199319712227381984e-01 6.122468919824182176e-01
6.432942185138963431e-01 4.870245824150145619e-01
9.471312142754750862e-02 -1.678911028746699410e-03
1.760689052596607906e-01 2.425553576783657378e-02
3.549655158206936889e-01 1.502163882542532636e-01
1.141024042591292087e-01 9.340345053479737897e-03
6.774797650709021291e-01 4.594370358943099530e-01
9.274139616347387705e-01 9.976430761481359655e-01
8.552309563123245972e-01 7.857081983310303386e-01
9.521485838563422677e-01 7.471843348500499804e-01
2.843208265566808945e-01 7.188017042187076766e-02
6.765572597423274992e-01 4.164259183973186840e-01
4.230517910668064596e-01 2.150320906802332677e-01
8.941151675329278570e-01 9.640553693824667203e-01
3.046091317603303317e-01 1.116771330679181828e-01
9.794314680198199508e-01 1.090546775826241932e+00
7.819071294188645327e-01 4.731312819784963541e-01
1.478165936337844100e-01 3.597073588598213856e-02
2.715414218326197560e-01 1.933620766208170305e-02
8.899717976874300662e-01 7.678489010472401288e-01
1.876902585057761419e-01 2.015801644940046905e-02
6.939252479524365969e-01 4.901706446893670521e-01
7.922823870854648343e-01 6.103175210725004796e-01
6.778042217932955804e-01 4.457183653486323505e-01
1.689181356281165280e-01 4.123066375412397233e-02
9.775001579346598302e-02 -5.084730132343100867e-03
3.440202181473326348e-01 1.247206581227763011e-01
1.571807899267025910e-01 3.521029249774755565e-02
3.233205602797608602e-01 1.096897000199214267e-01
2.393515390784421992e-01 2.523132062694096595e-02
9.645258751402607800e-02 1.230897665462926498e-02
3.838898294492035790e-01 1.734131090038964762e-01
9.768477321401456415e-01 1.131532173926054652e+00
5.018052019147475340e-01 2.575960461957043091e-01
3.102172668224120189e-01 1.160579856763595402e-01
3.637463212081110120e-01 1.340393914348151916e-01
2.578406478204330332e-01 5.972852857267253734e-02
3.271658830983387167e-01 1.171567440996555964e-01
5.897885720816046229e-01 4.044190138310626015e-01
3.194435418587057152e-01 3.702613235256790869e-02
1.962633157049359367e-01 4.912020131679679935e-02
3.173387450616438343e-01 1.313662257127302113e-01
7.671513458255132534e-01 6.076555342856612141e-01
5.115502207148724390e-01 3.363564378162404167e-01
2.609032001778410770e-02 -2.197048373688137435e-02
3.045706294762510202e-01 8.534208762400430359e-02
4.051161735190752511e-01 2.100768780983998663e-01
1.626135238196745325e-01 3.685432255331524964e-02
8.480872022271209731e-01 7.165055179160761956e-01
5.107891192405176195e-01 2.361743999883718637e-01
1.809171980719596062e-01 4.290407604801055319e-02
2.848532312961312707e-01 9.814514860015441378e-02
9.214086810213557577e-01 7.995897766296042875e-01
5.029476730311436272e-01 1.454440295101596115e-01
5.419683287064793742e-01 2.607325877952433313e-01
3.208938724406903420e-01 8.024756985689576738e-02
7.313661692635835543e-01 4.784319977506138466e-01
7.321219750355107969e-01 5.596309359466833389e-01
8.641196903938418439e-01 5.339588702563653477e-01
4.326968392311973943e-01 1.657459470705144045e-01
5.038387183982306894e-03 -2.618573789267666929e-02
4.600877352989748426e-01 1.535608782732997002e-01
8.377289787521212672e-01 6.515395893641672265e-01
3.493553196742015254e-01 1.396268992870704495e-01
